[[161.2,
  391.2,
  65.8,
  352.0,
  445.8,
  298.8,
  325.4,
  271.4,
  243.4,
  299.0,
  509.2,
  451.6,
  270.0,
  677.4,
  716.8,
  258.2,
  197.0,
  364.8,
  979.4,
  226.4,
  195.8,
  209.6,
  577.4,
  256.2,
  246.4,
  466.2,
  216.4,
  681.6,
  898.4,
  572.4,
  239.4,
  136.6,
  239.0,
  76.6,
  571.8,
  286.2,
  167.8,
  316.2,
  296.6,
  47.6,
  188.8,
  221.4,
  612.4,
  179.4,
  1376.0,
  233.0,
  208.8,
  259.6,
  314.6,
  896.8],
 [763.0,
  1050.0,
  762.4,
  724.0,
  1077.8,
  712.2,
  469.4,
  572.8,
  3582.8,
  344.8,
  3119.4,
  941.0,
  1713.2,
  309.8,
  901.8,
  673.4,
  887.6,
  655.8,
  1050.6,
  540.0,
  666.6,
  926.4,
  1264.2,
  457.8,
  1406.4,
  2214.0,
  291.0,
  364.2,
  1174.6,
  927.4,
  3979.4,
  3033.2,
  1719.4,
  3094.6,
  1022.0,
  2107.8,
  568.8,
  1813.2,
  495.0,
  1191.8,
  1140.6,
  344.8,
  721.4,
  3004.8,
  2448.8,
  1057.2,
  800.8,
  869.6,
  428.8,
  365.4],
 [161.2,
  391.2,
  65.8,
  352.0,
  445.8,
  298.8,
  325.4,
  271.4,
  243.4,
  299.0,
  509.2,
  451.6,
  270.0,
  677.4,
  716.8,
  258.2,
  197.0,
  364.8,
  979.4,
  226.4,
  195.8,
  209.6,
  577.4,
  256.2,
  246.4,
  466.2,
  216.4,
  681.6,
  898.4,
  572.4,
  239.4,
  136.6,
  239.0,
  76.6,
  571.8,
  286.2,
  167.8,
  316.2,
  296.6,
  47.6,
  188.8,
  221.4,
  612.4,
  179.4,
  1376.0,
  233.0,
  208.8,
  259.6,
  314.6,
  896.8],
 [763.0,
  1050.0,
  762.4,
  724.0,
  1077.8,
  712.2,
  469.4,
  572.8,
  3582.8,
  344.8,
  3119.4,
  941.0,
  1713.2,
  309.8,
  901.8,
  673.4,
  887.6,
  655.8,
  1050.6,
  540.0,
  666.6,
  926.4,
  1264.2,
  457.8,
  1406.4,
  2214.0,
  291.0,
  364.2,
  1174.6,
  927.4,
  3979.4,
  3033.2,
  1719.4,
  3094.6,
  1022.0,
  2107.8,
  568.8,
  1813.2,
  495.0,
  1191.8,
  1140.6,
  344.8,
  721.4,
  3004.8,
  2448.8,
  1057.2,
  800.8,
  869.6,
  428.8,
  365.4]]